   0.0000000000000000        0.0000000000000000     
  0.27525496530301136        3.4587200258132826E-002
  0.54982748432970685        6.9294191487073054E-002
  0.82371981082039636       0.10412027616832237     
   1.0969341974714881       0.13906476165866327     
   1.3694728954903135       0.17412696012984025     
   1.6413381541615388       0.20930618850808097     
   1.9125322204251090       0.24460176841350159     
   2.1830573384656597       0.28001302609943884     
   2.4529157493133225       0.31553929239174927     
   2.7221096904558348       0.35117990262811527     
   2.9906413954618616       0.38693419659739425     
   3.2585130936154219       0.42280151847904734     
   3.5257270095613058       0.45878121678268119     
   3.7922853629613660       0.49487264428773520     
   4.0581903681615508       0.53107515798334537     
   4.3234442338695498       0.56738811900841346     
   4.5880491628429079       0.60381089259191034     
   4.8520073515874671       0.64034284799343855     
   5.1153209900659853       0.67698335844408075     
   5.3779922614167779       0.71373180108755652     
   5.6400233416822267       0.75058755692171075     
   5.9014163995469957       0.78755001074035447     
   6.1621735960857906       0.82461855107547810     
   6.4222970845204985       0.86179257013985677     
   6.6817890099865354       0.89907146377006375     
   6.9406515093082444       0.93645463136991069     
   7.1988867107831611       0.97394147585432911     
   7.4564967339749861        1.0115314035937075     
   7.7134836895150887        1.0492238243586991     
   7.9698496789123716        1.0870181512655110     
   8.2255967943713255        1.1249138007216897     
   8.4807271186181037        1.1629101923724094     
   8.7352427247344373        1.2010067490472784     
   8.9891456759992376        1.2392028967076696     
   9.2424380257377017        1.2774980643945844     
   9.4951218171777594        1.3158916841770589     
   9.7471990833136921        1.3543831911011202     
   9.9986718467767606        1.3929720231392955     
   10.249542119712681        1.4316576211406868     
   10.499811903665773        1.4704394287816098     
   10.749483189469638        1.5093168925168061     
   10.998557957144197        1.5482894615312324     
   11.247038175798927        1.5873565876924280     
   11.494925803542163        1.6265177255034686     
   11.742222787396276        1.6657723320565041     
   11.988931063218626        1.7051198669868866     
   12.235052555628085        1.7445597924278888     
   12.480589177937043        1.7840915729660158     
   12.725542832088697        1.8237146755969087     
   12.969915408599530        1.8634285696818447     
   13.213708786506800        1.9032327269048317     
   13.456924833320944        1.9431266212302984     
   13.699565404982726        1.9831097288613788     
   13.941632345825019        2.0231815281987933     
   14.183127488539082        2.0633414998003219     
   14.424052654145218        2.1035891263408724     
   14.664409651967672        2.1439238925731412     
   14.904200279613660        2.1843452852888623     
   15.143426322956401        2.2248527932806481     
   15.382089556122052        2.2654459073044171     
   15.620191741480403        2.3061241200424059     
   15.857734629639250        2.3468869260667651     
   16.094719959442319        2.3877338218037369     
   16.331149457970636        2.4286643054984101     
   16.567024840547241        2.4696778771800507     
   16.802347810745147        2.5107740386280062     
   17.037120060398433        2.5519522933381804     
   17.271343269616391        2.5932121464900733     
   17.505019106800599        2.6345531049143860     
   17.738149228664877        2.6759746770611872     
   17.970735280257976        2.7174763729686351     
   18.202778894988960        2.7590577042322533     
   18.434281694655166        2.8007181839747579     
   18.665245289472665        2.8424573268164304     
   18.895671278109138        2.8842746488460329     
   19.125561247719098        2.9261696675922635     
   19.354916773981355        2.9681419019957462     
   19.583739421138681        3.0101908723815520     
   19.812030742039553        3.0523161004322477     
   20.039792278181960        3.0945171091614663     
   20.267025559759137        3.1367934228880001     
   20.493732105707210        3.1791445672104048     
   20.719913423754658        3.2215700689821176     
   20.945571010473525        3.2640694562870807     
   21.170706351332331        3.3066422584158666     
   21.395320920750596        3.3492880058423036     
   21.619416182154943        3.3920062302005936     
   21.842993588036698        3.4347964642629201     
   22.066054580010945        3.4776582419175410     
   22.288600588876953        3.5205910981473645     
   22.510633034679955        3.5635945690089974     
   22.732153326774203        3.6066681916122696     
   22.953162863887229        3.6498115041002248     
   23.173663034185317        3.6930240456295738     
   23.393655215340068        3.7363053563516075     
   23.613140774596054        3.7796549773935646     
   23.832121068839498        3.8230724508404488     
   24.050597444667940        3.8665573197172911     
   24.268571238460822        3.9101091279718547     
   24.486043776450991        3.9537274204577741     
   24.703016374797031        3.9974117429181288     
   24.919490339656402        4.0411616419694427     
   25.135466967259365        4.0849766650861072     
   25.350947543983601        4.1288563605852255     
   25.565933346429553        4.1728002776118656     
   25.780425641496382        4.2168079661247271     
   25.994425686458573        4.2608789768822133     
   26.207934729043082        4.3050128614289029     
   26.420954007507046        4.3492091720824169     
   26.633484750716008        4.3934674619206788     
   26.845528178222590        4.4377872847695636     
   27.057085500345632        4.4821681951909254     
   27.268157918249734        4.5266097484710075     
   27.478746624025174        4.5711115006092253     
   27.688852800768181        4.6156730083073159     
   27.898477622661542        4.6602938289588591     
   28.107622255055468        4.7049735206391512     
   28.316287854548762        4.7497116420954431     
   28.524475569070209        4.7945077527375242     
   28.732186537960175        4.8393614126286550     
   28.939421892052398        4.8842721824768471     
   29.146182753755944        4.9292396236264748     
   29.352470237137300        4.9742632980502268     
   29.558285448002568        5.0193427683413860     
   29.763629483979773        5.0644775977064347     
   29.968503434601224        5.1096673499579799     
   30.172908381385927        5.1549115895079991     
   30.376845397922022        5.2002098813613955     
   30.580315549949226        5.2455617911098615     
   30.783319895441270        5.2909668849260498     
   30.985859484688284        5.3364247295580407     
   31.187935360379150        5.3819348923241064     
   31.389548557683767        5.4274969411077665     
   31.590700104335234        5.4731104443531313     
   31.791391020711917        5.5187749710605267     
   31.991622319919408        5.5644900907823986     
   32.191395007872330        5.6102553736194913     
   32.390710083375993        5.6560703902172964     
   32.589568538207857        5.7019347117627692     
   32.787971357198849        5.7478479099813047     
   32.985919518314425        5.7938095571339732     
   33.183413992735467        5.8398192260150097     
   33.380455744938892        5.8858764899495508     
   33.577045732778075        5.9319809227916203     
   33.773184907562971        5.9781320989223561     
   33.968874214139987        6.0243295932484715     
   34.164114590971558        6.0705729812009546     
   34.358906970215429        6.1168618387339917     
   34.553252277803651        6.1631957423241222     
   34.747151433521232        6.2095742689696118     
   34.940605351084450        6.2559969961900421     
   35.133614938218876        6.3024635020261170     
   35.326181096736981        6.3489733650396776     
   35.518304722615426        6.3955261643139218     
   35.709986706071966        6.4421214794538306     
   35.901227931641969        6.4887588905867846     
   36.092029278254557        6.5354379783633814     
   36.282391619308335        6.5821583239584438     
   36.472315822746722        6.6289195090722099     
   36.661802751132868        6.6757211159317107     
   36.850853261724126        6.7225627272923250     
   37.039468206546125        6.7694439264395099     
   37.227648432466367        6.8163642971907059     
   37.415394781267423        6.8633234238974064     
   37.602708089719627        6.9103208914473937     
   37.789589189653334        6.9573562852671360     
   37.976038908030716        7.0044291913243431     
   38.162058067017071        7.0515391961306735     
   38.347647484051663        7.0986858867445939     
   38.532807971918075        7.1458688507743826     
   38.717540338814054        7.1930876763812801     
   38.901845388420888        7.2403419522827788     
   39.085723919972260        7.2876312677560442     
   39.269176728322599        7.3349552126414759     
   39.452204604014945        7.3823133773463949     
   39.634808333348253        7.4297053528488561     
   39.816988698444213        7.4771307307015853     
   39.998746477313531        7.5245891030360363     
   40.180082443921691        7.5720800625665623     
