   0.0000000000000000        0.0000000000000000     
  0.27573982105601824       -2.7574901275105473E-003
  0.55082484322526615       -5.1705560049089237E-003
  0.82525699088814886       -7.2408289014863165E-003
   1.0990381919507539       -8.9699319567541243E-003
   1.3721703772923748       -1.0359480169666882E-002
   1.6446554802259059       -1.1411080391219890E-002
   1.9164954359711210       -1.2126331320326530E-002
   2.1876921811408256       -1.2506823502880120E-002
   2.4582476532398565       -1.2554139333905343E-002
   2.7281637901768900       -1.2269853062704540E-002
   2.9974425297890006       -1.1655530800904576E-002
   3.2660858093788980       -1.0712730533310620E-002
   3.5340955652647623       -9.4430021314738342E-003
   3.8014737323425787       -7.8478873698808564E-003
   4.0682222436608670       -5.9289199446738369E-003
   4.3343430300076866       -3.6876254948109170E-003
   4.5998380195097930       -1.1255216255780980E-003
   4.8647091372438078        1.7558820656352787E-003
   5.1289583048592613        4.9550839613839558E-003
   5.3925874402133536        8.4705903941222262E-003
   5.6555984570172848        1.2300915614151173E-002
   5.9179932644939814        1.6444581755639929E-002
   6.1797737670470614        2.0900118800801695E-002
   6.4409418639408562        2.5666064542303708E-002
   6.7014994489913216        3.0740964543988752E-002
   6.9614484102676499        3.6123372099984202E-002
   7.2207906298044087        4.1811848192272918E-002
   7.4795279833240143        4.7804961446798744E-002
   7.7376623399693543        5.4101288088177615E-002
   7.9951955620463728        6.0699411893083609E-002
   8.2521295047764269        6.7597924142377697E-002
   8.5084660160582217        7.4795423572045161E-002
   8.7642069362391322        8.2290516323006005E-002
   9.0193540978957287        9.0081815889861139E-002
   9.2739093256233005        9.8167943068635188E-002
   9.5278744358342031       0.10654752590357554     
   9.7812512365648185       0.11521919963306509     
   10.034041527290963       0.12418160663470515     
   10.286247098751536       0.13343339636962270     
   10.537869732780228       0.14297322532605533     
   10.788911202145107       0.15279975696226497     
   11.039373270395895       0.16291166164883050     
   11.289257691718760       0.17330761661036748     
   11.538566210798429       0.18398630586672193     
   11.787300562687461       0.19494642017368374     
   12.035462472682495       0.20618665696326355     
   12.283053656207304       0.21770572028357568     
   12.530075818702484       0.22950232073836857     
   12.776530655521606       0.24157517542624243     
   13.022419851833673       0.25392300787959277     
   13.267745082531714       0.26654454800331706     
   13.512508012147354       0.27943853201332064     
   13.756710294771205       0.29260370237485650     
   14.000353573978931       0.30603880774073278     
   14.243439482762817       0.31974260288942030     
   14.485969643468707       0.33371384866309151     
   14.727945667738167       0.34795131190562067     
   14.969369156455718       0.36245376540057522     
   15.210241699701003       0.37721998780922528     
   15.450564876705759       0.39224876360859917     
   15.690340255815448       0.40753888302961078     
   15.929569394455418       0.42308914199528347     
   16.168253839101475       0.43889834205909506     
   16.406395125254708       0.45496529034346694     
   16.643994777420495       0.47128879947841945     
   16.881054309091521       0.48786768754041526     
   17.117575222734708       0.50470077799141100     
   17.353559009781954       0.52178689961813740     
   17.589007150624543       0.53912488647162626     
   17.823921114611135       0.55671357780700292     
   18.058302360049222       0.57455181802356170     
   18.292152334209934       0.59263845660514114     
   18.525472473336126       0.61097234806081424     
   18.758264202653585       0.62955235186591030     
   18.990528936385335       0.64837733240338202     
   19.222268077768870       0.66744615890553272     
   19.453483019076288       0.68675770539611658     
   19.684175141637173       0.70631085063282473     
   19.914345815864195       0.72610447805016964     
   20.143996401281292       0.74613747570277988     
   20.373128246554380       0.76640873620911520     
   20.601742689524492       0.78691715669561413     
   20.829841057243286       0.80766163874128249     
   21.057424666010807       0.82864108832273409     
   21.284494821415471       0.84985441575969134     
   21.511052818376172       0.87130053566095556     
   21.737099941186422       0.89297836687085397     
   21.962637463560498       0.91488683241617230     
   22.187666648681486       0.93702485945357950     
   22.412188749251179       0.95939137921755224     
   22.636205007541747       0.98198532696880469     
   22.859716655449134        1.0048056419432310     
   23.082724914548095        1.0278512673013651     
   23.305230996148843        1.0511211500783644     
   23.527236101355211        1.0746142411345201     
   23.748741421124297        1.0983294951063027     
   23.969748136327535        1.1222658703579438     
   24.190257417813122        1.1464223289335589     
   24.410270426469758        1.1707978365098166     
   24.629788313291648        1.1953913623491557     
   24.848812219444707        1.2202018792535538     
   25.067343276333922        1.2452283635188526     
   25.285382605671842        1.2704697948896377     
   25.502931319548093        1.2959251565146817     
   25.719990520499959        1.3215934349029452     
   25.936561301583890        1.3474736198801456     
   26.152644746447969        1.3735647045458881     
   26.368241929405254        1.3998656852313656     
   26.583353915507963        1.4263755614576252     
   26.797981760622463        1.4530933358944045     
   27.012126511505038        1.4800180143195367     
   27.225789205878353        1.5071486055789276     
   27.438970872508644        1.5344841215471006     
   27.651672531283527        1.5620235770883142     
   27.863895193290446        1.5897659900182504     
   28.075639860895691        1.6177103810662716     
   28.286907527823974        1.6458557738382495     
   28.497699179238506        1.6742011947799624     
   28.708015791821563        1.7027456731410613     
   28.917858333855513        1.7314882409396044     
   29.127227765304244        1.7604279329271577     
   29.336125037894998        1.7895637865544611     
   29.544551095200553        1.8188948419376596     
   29.752506872721760        1.8484201418250963     
   29.959993297970346        1.8781387315646669     
   30.167011290552040        1.9080496590717342     
   30.373561762249910        1.9381519747975984     
   30.579645617107957        1.9684447316985245     
   30.785263751514886        1.9989269852053222     
   30.990417054288059        2.0295977931934770     
   31.195106406757603        2.0604562159538298     
   31.399332682850652        2.0915013161638036     
   31.603096749175670        2.1227321588591730     
   31.806399465106885        2.1541478114063737     
   32.009241682868762        2.1857473434753532     
   32.211624247620534        2.2175298270129531     
   32.413547997540725        2.2494943362168263     
   32.615013763911705        2.2816399475098827     
   32.816022371204198        2.3139657395152597     
   33.016574637161767        2.3464707930318176     
   33.216671372885216        2.3791541910101528     
   33.416313382916947        2.4120150185291278     
   33.615501465325181        2.4450523627729144     
   33.814236411788116        2.4782653130085435     
   34.012519007677902        2.5116529605639633     
   34.210350032144511        2.5452143988065967     
   34.407730258199422        2.5789487231223989     
   34.604660452799116        2.6128550308954059     
   34.801141376928435        2.6469324214877763     
   34.997173785683636        2.6811799962203180     
   35.192758428355319        2.7155968583534955     
   35.387896048511053        2.7501821130689188     
   35.582587384077769        2.7849348674513026     
   35.776833167423888        2.8198542304708978     
   35.970634125441173        2.8549393129663865     
   36.163990979626291        2.8901892276282410     
   36.356904446162048        2.9256030889825366     
   36.549375235998340        2.9611800133752189     
   36.741404054932758        2.9969191189568183     
   36.932991603690844        3.0328195256676103     
   37.124138578006018        3.0688803552232109     
   37.314845668699128        3.1051007311006118     
   37.505113561757618        3.1414797785246407     
   37.694942938414350        3.1780166244548513     
   37.884334475225984        3.2147103975728322     
   38.073288844150980        3.2515602282699310     
   38.261806712627191        3.2885652486353933     
   38.449888743649034        3.3257245924449053     
   38.637535595844199        3.3630373951495409     
   38.824747923549971        3.4005027938651047     
   39.011526376889051        3.4381199273618686     
   39.197871601844966        3.4758879360546957     
   39.383784240336972        3.5138059619935480     
   39.569264930294523        3.5518731488543720     
   39.754314305731235        3.5900886419303570     
   39.938932996818366        3.6284515881235637     
   40.123121629957822        3.6669611359369148     
