   0.0000000000000000        0.0000000000000000     
   35.355339059327378        35.306339059327371     
   70.710678118654755        70.514678118654743     
   106.06601717798215        105.62501717798213     
   141.42135623730951        140.63735623730949     
   176.77669529663689        175.55169529663686     
   212.13203435596429        210.36803435596426     
   247.48737341529167        245.08637341529160     
   282.84271247461902        279.70671247461894     
   318.19805153394640        314.22905153394635     
   353.55339059327378        348.65339059327374     
   388.90872965260121        382.97972965260112     
   424.26406871192859        417.20806871192855     
   459.61940777125591        451.33840777125585     
   494.97474683058334        485.37074683058324     
   530.33008588991061        519.30508588991063     
   565.68542494923804        553.14142494923794     
   601.04076400856547        586.87976400856530     
   636.39610306789280        620.52010306789271     
   671.75144212722023        654.06244212722015     
   707.10678118654755        687.50678118654741     
   742.46212024587498        720.85312024587483     
   777.81745930520242        754.10145930520218     
   813.17279836452974        787.25179836452958     
   848.52813742385717        820.30413742385701     
   883.88347648318450        853.25847648318427     
   919.23881554251182        886.11481554251168     
   954.59415460183925        918.87315460183913     
   989.94949366116668        951.53349366116640     
   1025.3048327204940        984.09583272049395     
   1060.6601717798212        1016.5601717798212     
   1096.0155108391486        1048.9265108391487     
   1131.3708498984761        1081.1948498984759     
   1166.7261889578035        1113.3651889578032     
   1202.0815280171309        1145.4375280171307     
   1237.4368670764582        1177.4118670764578     
   1272.7922061357856        1209.2882061357855     
   1308.1475451951130        1241.0665451951127     
   1343.5028842544405        1272.7468842544401     
   1378.8582233137679        1304.3292233137677     
   1414.2135623730951        1335.8135623730948     
   1449.5689014324228        1367.1999014324224     
   1484.9242404917500        1398.4882404917498     
   1520.2795795510772        1429.6785795510768     
   1555.6349186104048        1460.7709186104044     
   1590.9902576697320        1491.7652576697319     
   1626.3455967290595        1522.6615967290593     
   1661.7009357883869        1553.4599357883865     
   1697.0562748477143        1584.1602748477142     
   1732.4116139070416        1614.7626139070412     
   1767.7669529663690        1645.2669529663685     
   1803.1222920256964        1675.6732920256961     
   1838.4776310850236        1705.9816310850233     
   1873.8329701443513        1736.1919701443510     
   1909.1883092036785        1766.3043092036783     
   1944.5436482630057        1796.3186482630053     
   1979.8989873223334        1826.2349873223329     
   2015.2543263816606        1856.0533263816603     
   2050.6096654409880        1885.7736654409880     
   2085.9650045003154        1915.3960045003150     
   2121.3203435596424        1944.9203435596423     
   2156.6756826189703        1974.3466826189697     
   2192.0310216782973        2003.6750216782973     
   2227.3863607376252        2032.9053607376247     
   2262.7416997969522        2062.0376997969515     
   2298.0970388562796        2091.0720388562791     
   2333.4523779156070        2120.0083779156066     
   2368.8077169749345        2148.8467169749338     
   2404.1630560342619        2177.5870560342614     
   2439.5183950935893        2206.2293950935887     
   2474.8737341529163        2234.7737341529159     
   2510.2290732122442        2263.2200732122437     
   2545.5844122715712        2291.5684122715707     
   2580.9397513308986        2319.8187513308985     
   2616.2950903902261        2347.9710903902255     
   2651.6504294495535        2376.0254294495530     
   2687.0057685088809        2403.9817685088806     
   2722.3611075682084        2431.8401075682077     
   2757.7164466275358        2459.6004466275353     
   2793.0717856868628        2487.2627856868621     
   2828.4271247461902        2514.8271247461898     
   2863.7824638055176        2542.2934638055171     
   2899.1378028648455        2569.6618028648450     
   2934.4931419241725        2596.9321419241719     
   2969.8484809834999        2624.1044809834993     
   3005.2038200428269        2651.1788200428264     
   3040.5591591021544        2678.1551591021539     
   3075.9144981614822        2705.0334981614815     
   3111.2698372208097        2731.8138372208086     
   3146.6251762801367        2758.4961762801363     
   3181.9805153394641        2785.0805153394635     
   3217.3358543987911        2811.5668543987908     
   3252.6911934581190        2837.9551934581186     
   3288.0465325174464        2864.2455325174460     
   3323.4018715767738        2890.4378715767730     
   3358.7572106361008        2916.5322106361004     
   3394.1125496954287        2942.5285496954280     
   3429.4678887547561        2968.4268887547551     
   3464.8232278140831        2994.2272278140827     
   3500.1785668734105        3019.9295668734098     
   3535.5339059327380        3045.5339059327371     
   3570.8892449920654        3071.0402449920648     
   3606.2445840513928        3096.4485840513921     
   3641.5999231107203        3121.7589231107195     
   3676.9552621700473        3146.9712621700469     
   3712.3106012293747        3172.0856012293743     
   3747.6659402887026        3197.1019402887018     
   3783.0212793480296        3222.0202793480289     
   3818.3766184073570        3246.8406184073565     
   3853.7319574666844        3271.5629574666837     
   3889.0872965260114        3296.1872965260109     
   3924.4426355853393        3320.7136355853386     
   3959.7979746446667        3345.1419746446654     
   3995.1533137039937        3369.4723137039932     
   4030.5086527633212        3393.7046527633206     
   4065.8639918226486        3417.8389918226476     
   4101.2193308819760        3441.8753308819760     
   4136.5746699413039        3465.8136699413030     
   4171.9300090006309        3489.6540090006301     
   4207.2853480599579        3513.3963480599568     
   4242.6406871192848        3537.0406871192849     
   4277.9960261786127        3560.5870261786126     
   4313.3513652379406        3584.0353652379395     
   4348.7067042972676        3607.3857042972668     
   4384.0620433565946        3630.6380433565946     
   4419.4173824159225        3653.7923824159216     
   4454.7727214752504        3676.8487214752490     
   4490.1280605345773        3699.8070605345765     
   4525.4833995939043        3722.6673995939032     
   4560.8387386532322        3745.4297386532312     
   4596.1940777125592        3768.0940777125584     
   4631.5494167718871        3790.6604167718860     
   4666.9047558312141        3813.1287558312129     
   4702.2600948905410        3835.4990948905411     
   4737.6154339498689        3857.7714339498680     
   4772.9707730091959        3879.9457730091949     
   4808.3261120685238        3902.0221120685228     
   4843.6814511278508        3924.0004511278498     
   4879.0367901871787        3945.8807901871778     
   4914.3921292465056        3967.6631292465045     
   4949.7474683058326        3989.3474683058316     
   4985.1028073651605        4010.9338073651593     
   5020.4581464244884        4032.4221464244874     
   5055.8134854838154        4053.8124854838143     
   5091.1688245431424        4075.1048245431411     
   5126.5241636024693        4096.2991636024690     
   5161.8795026617972        4117.3955026617969     
   5197.2348417211251        4138.3938417211239     
   5232.5901807804521        4159.2941807804509     
   5267.9455198397791        4180.0965198397780     
   5303.3008588991070        4200.8008588991061     
   5338.6561979584349        4221.4071979584332     
   5374.0115370177618        4241.9155370177605     
   5409.3668760770888        4262.3258760770877     
   5444.7222151364167        4282.6382151364160     
   5480.0775541957437        4302.8525541957424     
   5515.4328932550716        4322.9688932550707     
   5550.7882323143986        4342.9872323143973     
   5586.1435713737255        4362.9075713737247     
   5621.4989104330534        4382.7299104330523     
   5656.8542494923804        4402.4542494923789     
   5692.2095885517083        4422.0805885517075     
   5727.5649276110353        4441.6089276110342     
   5762.9202666703632        4461.0392666703619     
   5798.2756057296911        4480.3716057296897     
   5833.6309447890171        4499.6059447890166     
   5868.9862838483450        4518.7422838483435     
   5904.3416229076720        4537.7806229076714     
   5939.6969619669999        4556.7209619669993     
   5975.0523010263278        4575.5633010263264     
   6010.4076400856538        4594.3076400856526     
   6045.7629791449817        4612.9539791449806     
   6081.1183182043087        4631.5023182043078     
   6116.4736572636366        4649.9526572636350     
   6151.8289963229645        4668.3049963229632     
   6187.1843353822915        4686.5593353822896     
   6222.5396744416194        4704.7156744416170     
   6257.8950135009454        4722.7740135009444     
   6293.2503525602733        4740.7343525602719     
   6328.6056916196012        4758.5966916195994     
   6363.9610306789282        4776.3610306789269     
   6399.3163697382561        4794.0273697382545     
   6434.6717087975821        4811.5957087975812     
   6470.0270478569100        4829.0660478569089     
   6505.3823869162379        4846.4383869162366     
   6540.7377259755649        4863.7127259755634     
   6576.0930650348928        4880.8890650348912     
   6611.4484040942198        4897.9674040942173     
   6646.8037431535477        4914.9477431535452     
   6682.1590822128755        4931.8300822128731     
   6717.5144212722016        4948.6144212722011     
   6752.8697603315295        4965.3007603315282     
   6788.2250993908574        4981.8890993908553     
   6823.5804384501844        4998.3794384501834     
   6858.9357775095123        5014.7717775095098     
   6894.2911165688383        5031.0661165688371     
   6929.6464556281662        5047.2624556281644     
   6965.0017946874941        5063.3607946874927     
   7000.3571337468211        5079.3611337468201     
   7035.7124728061490        5095.2634728061475     
   7071.0678118654760        5111.0678118654741     
   7106.4231509248029        5126.7741509248017     
   7141.7784899841308        5142.3824899841293     
   7177.1338290434578        5157.8928290434569     
   7212.4891681027857        5173.3051681027846     
   7247.8445071621127        5188.6195071621105     
   7283.1998462214406        5203.8358462214383     
   7318.5551852807685        5218.9541852807661     
   7353.9105243400945        5233.9745243400939     
   7389.2658633994224        5248.8968633994209     
   7424.6212024587494        5263.7212024587479     
   7459.9765415180773        5278.4475415180759     
   7495.3318805774052        5293.0758805774040     
   7530.6872196367312        5307.6062196367293     
   7566.0425586960591        5322.0385586960574     
   7601.3978977553861        5336.3728977553856     
   7636.7532368147140        5350.6092368147129     
   7672.1085758740419        5364.7475758740402     
   7707.4639149333689        5378.7879149333667     
   7742.8192539926968        5392.7302539926950     
   7778.1745930520228        5406.5745930520216     
   7813.5299321113507        5420.3209321113491     
   7848.8852711706786        5433.9692711706766     
   7884.2406102300056        5447.5196102300033     
   7919.5959492893335        5460.9719492893310     
   7954.9512883486595        5474.3262883486586     
   7990.3066274079874        5487.5826274079864     
   8025.6619664673153        5500.7409664673141     
   8061.0173055266423        5513.8013055266410     
   8096.3726445859702        5526.7636445859689     
   8131.7279836452972        5539.6279836452950     
   8167.0833227046251        5552.3943227046229     
   8202.4386617639520        5565.0626617639518     
   8237.7940008232799        5577.6330008232781     
   8273.1493398826078        5590.1053398826061     
   8308.5046789419339        5602.4796789419324     
   8343.8600180012618        5614.7560180012597     
   8379.2153570605897        5626.9343570605870     
   8414.5706961199157        5639.0146961199134     
   8449.9260351792436        5650.9970351792408     
   8485.2813742385697        5662.8813742385701     
   8520.6367132978976        5674.6677132978966     
   8555.9920523572255        5686.3560523572251     
   8591.3473914165534        5697.9463914165517     
   8626.7027304758813        5709.4387304758784     
   8662.0580695352073        5720.8330695352051     
   8697.4134085945352        5732.1294085945328     
   8732.7687476538631        5743.3277476538606     
   8768.1240867131892        5754.4280867131883     
   8803.4794257725171        5765.4304257725162     
   8838.8347648318450        5776.3347648318431     
   8874.1901038911728        5787.1411038911701     
   8909.5454429505007        5797.8494429504972     
   8944.9007820098268        5808.4597820098243     
   8980.2561210691547        5818.9721210691523     
   9015.6114601284808        5829.3864601284786     
   9050.9667991878086        5839.7027991878058     
   9086.3221382471365        5849.9211382471340     
   9121.6774773064644        5860.0414773064622     
   9157.0328163657923        5870.0638163657895     
   9192.3881554251184        5879.9881554251169     
   9227.7434944844463        5889.8144944844444     
   9263.0988335437742        5899.5428335437718     
   9298.4541726031002        5909.1731726030976     
   9333.8095116624281        5918.7055116624251     
   9369.1648507217542        5928.1398507217546     
   9404.5201897810821        5937.4761897810822     
   9439.8755288404100        5946.7145288404090     
   9475.2308678997379        5955.8548678997358     
   9510.5862069590657        5964.8972069590636     
   9545.9415460183918        5973.8415460183896     
   9581.2968850777197        5982.6878850777175     
   9616.6522241370476        5991.4362241370454     
   9652.0075631963737        6000.0865631963734     
   9687.3629022557016        6008.6389022556996     
   9722.7182413150294        6017.0932413150276     
   9758.0735803743573        6025.4495803743548     
   9793.4289194336852        6033.7079194336820     
   9828.7842584930113        6041.8682584930084     
   9864.1395975523392        6049.9305975523366     
   9899.4949366116653        6057.8949366116631     
   9934.8502756709931        6065.7612756709905     
   9970.2056147303210        6073.5296147303179     
   10005.560953789649        6081.1999537896463     
   10040.916292848977        6088.7722928489738     
   10076.271631908303        6096.2466319083014     
   10111.626970967631        6103.6229709676281     
   10146.982310026959        6110.9013100269558     
   10182.337649086285        6118.0816490862817     
   10217.692988145613        6125.1639881456103     
   10253.048327204939        6132.1483272049381     
   10288.403666264267        6139.0346662642660     
   10323.759005323594        6145.8230053235930     
   10359.114344382922        6152.5133443829200     
   10394.469683442250        6159.1056834422479     
   10429.825022501576        6165.6000225015741     
   10465.180361560904        6171.9963615609013     
   10500.535700620232        6178.2947006202294     
   10535.891039679558        6184.4950396795557     
   10571.246378738886        6190.5973787388830     
   10606.601717798214        6196.6017177982121     
   10641.957056857542        6202.5080568575395     
   10677.312395916870        6208.3163959168669     
   10712.667734976196        6214.0267349761934     
   10748.023074035524        6219.6390740355209     
   10783.378413094850        6225.1534130948476     
   10818.733752154178        6230.5697521541751     
   10854.089091213506        6235.8880912135028     
   10889.444430272833        6241.1084302728304     
   10924.799769332161        6246.2307693321582     
   10960.155108391487        6251.2551083914850     
   10995.510447450815        6256.1814474508128     
   11030.865786510143        6261.0097865101397     
   11066.221125569469        6265.7401255694667     
   11101.576464628797        6270.3724646287947     
   11136.931803688123        6274.9068036881208     
   11172.287142747451        6279.3431427474488     
   11207.642481806779        6283.6814818067760     
   11242.997820866107        6287.9218208661050     
   11278.353159925435        6292.0641599254323     
   11313.708498984761        6296.1084989847586     
   11349.063838044089        6300.0548380440860     
   11384.419177103417        6303.9031771034133     
   11419.774516162744        6307.6535161627417     
   11455.129855222071        6311.3058552220682     
   11490.485194281398        6314.8601942813966     
   11525.840533340726        6318.3165333407242     
   11561.195872400054        6321.6748724000508     
   11596.551211459382        6324.9352114593785     
   11631.906550518706        6328.0975505187052     
   11667.261889578034        6331.1618895780321     
   11702.617228637362        6334.1282286373589     
   11737.972567696690        6336.9965676966867     
   11773.327906756018        6339.7669067560137     
   11808.683245815344        6342.4392458153425     
   11844.038584874672        6345.0135848746695     
   11879.393923934000        6347.4899239339975     
   11914.749262993328        6349.8682629933237     
   11950.104602052656        6352.1486020526518     
   11985.459941111980        6354.3309411119781     
   12020.815280171308        6356.4152801713053     
   12056.170619230636        6358.4016192306326     
   12091.525958289963        6360.2899582899609     
   12126.881297349291        6362.0802973492882     
   12162.236636408617        6363.7726364086157     
   12197.591975467945        6365.3669754679431     
   12232.947314527273        6366.8633145272706     
   12268.302653586601        6368.2616535865982     
   12303.657992645929        6369.5619926459258     
   12339.013331705255        6370.7643317052507     
   12374.368670764583        6371.8686707645793     
   12409.724009823911        6372.8750098239070     
   12445.079348883239        6373.7833488832339     
   12480.434687942567        6374.5936879425608     
   12515.790027001891        6375.3060270018896     
   12551.145366061219        6375.9203660612166     
   12586.500705120547        6376.4367051205436     
   12621.856044179875        6376.8550441798707     
   12657.211383239202        6377.1753832391987     
   12692.566722298528        6377.3977222985268     
   12727.922061357856        6377.5220613578540     
   12763.277400417184        6377.5484004171822     
   12798.632739476512        6377.4767394765086     
   12833.988078535840        6377.3070785358368     
   12869.343417595164        6377.0394175951633     
   12904.698756654492        6376.6737566544898     
   12940.054095713820        6376.2100957138173     
   12975.409434773148        6375.6484347731448     
   13010.764773832476        6374.9887738324724     
   13046.120112891802        6374.2311128918000     
   13081.475451951130        6373.3754519511276     
   13116.830791010458        6372.4217910104553     
   13152.186130069786        6371.3701300697821     
   13187.541469129113        6370.2204691291090     
   13222.896808188440        6368.9728081884350     
   13258.252147247767        6367.6271472477629     
   13293.607486307095        6366.1834863070899     
   13328.962825366423        6364.6418253664178     
   13364.318164425751        6363.0021644257449     
   13399.673503485075        6361.2645034850739     
   13435.028842544403        6359.4288425444010     
   13470.384181603731        6357.4951816037283     
   13505.739520663059        6355.4635206630555     
   13541.094859722387        6353.3338597223828     
   13576.450198781715        6351.1061987817102     
   13611.805537841041        6348.7805378410385     
   13647.160876900369        6346.3568769003659     
   13682.516215959697        6343.8352159596907     
   13717.871555019025        6341.2155550190191     
   13753.226894078352        6338.4978940783458     
   13788.582233137677        6335.6822331376743     
   13823.937572197005        6332.7685721970010     
   13859.292911256332        6329.7569112563287     
   13894.648250315660        6326.6472503156565     
   13930.003589374988        6323.4395893749843     
   13965.358928434314        6320.1339284343121     
   14000.714267493642        6316.7302674936391     
   14036.069606552970        6313.2286065529670     
   14071.424945612298        6309.6289456122931     
   14106.780284671626        6305.9312846716211     
   14142.135623730952        6302.1356237309474     
   14177.490962790278        6298.2419627902746     
   14212.846301849606        6294.2503018496027     
   14248.201640908934        6290.1606409089300     
   14283.556979968262        6285.9729799682564     
   14318.912319027588        6281.6873190275855     
   14354.267658086916        6277.3036580869129     
   14389.622997146244        6272.8219971462404     
   14424.978336205571        6268.2423362055670     
   14460.333675264899        6263.5646752648954     
   14495.689014324225        6258.7890143242203     
   14531.044353383553        6253.9153533835488     
   14566.399692442881        6248.9436924428755     
   14601.755031502209        6243.8740315022042     
   14637.110370561537        6238.7063705615310     
   14672.465709620861        6233.4407096208579     
   14707.821048680189        6228.0770486801866     
   14743.176387739517        6222.6153877395136     
   14778.531726798845        6217.0557267988406     
   14813.887065858173        6211.3980658581677     
   14849.242404917499        6205.6424049174966     
   14884.597743976827        6199.7887439768238     
   14919.953083036155        6193.8370830361509     
   14955.308422095482        6187.7874220954782     
   14990.663761154810        6181.6397611548055     
   15026.019100214135        6175.3941002141328     
   15061.374439273462        6169.0504392734583     
   15096.729778332790        6162.6087783327876     
   15132.085117392118        6156.0691173921132     
   15167.440456451446        6149.4314564514407     
   15202.795795510772        6142.6957955107700     
   15238.151134570100        6135.8621345700976     
   15273.506473629428        6128.9304736294253     
   15308.861812688756        6121.9008126887511     
   15344.217151748084        6114.7731517480788     
   15379.572490807410        6107.5474908074048     
   15414.927829866738        6100.2238298667326     
   15450.283168926066        6092.8021689260604     
   15485.638507985394        6085.2825079853883     
   15520.993847044721        6077.6648470447144     
   15556.349186104046        6069.9491861040424     
   15591.704525163374        6062.1355251633704     
   15627.059864222701        6054.2238642226966     
   15662.415203282029        6046.2142032820248     
   15697.770542341357        6038.1065423413511     
   15733.125881400683        6029.9008814006793     
   15768.481220460011        6021.5972204600057     
   15803.836559519339        6013.1955595193340     
   15839.191898578667        6004.6958985786605     
   15874.547237637995        5996.0982376379889     
   15909.902576697319        5987.4025766973173     
   15945.257915756647        5978.6089157566439     
   15980.613254815975        5969.7172548159706     
   16015.968593875303        5960.7275938752973     
   16051.323932934631        5951.6399329346259     
   16086.679271993957        5942.4542719939545     
   16122.034611053285        5933.1706110532814     
   16157.389950112612        5923.7889501126083     
   16192.745289171940        5914.3092891719371     
   16228.100628231268        5904.7316282312640     
   16263.455967290594        5895.0559672905893     
   16298.811306349922        5885.2823063499181     
   16334.166645409250        5875.4106454092453     
   16369.521984468578        5865.4409844685706     
   16404.877323527904        5855.3733235279014     
   16440.232662587230        5845.2076625872251     
   16475.588001646560        5834.9440016465560     
   16510.943340705886        5824.5823407058797     
   16546.298679765216        5814.1226797652107     
   16581.654018824542        5803.5650188245345     
   16617.009357883868        5792.9093578838638     
   16652.364696943194        5782.1556969431913     
   16687.720036002524        5771.3040360025188     
   16723.075375061850        5760.3543750618464     
   16758.430714121179        5749.3067141211723     
   16793.786053180505        5738.1610531805018     
   16829.141392239831        5726.9173922398259     
   16864.496731299161        5715.5757312991554     
   16899.852070358487        5704.1360703584796     
   16935.207409417817        5692.5984094178093     
   16970.562748477139        5680.9627484771390     
   17005.918087536469        5669.2290875364633     
   17041.273426595795        5657.3974265957931     
   17076.628765655125        5645.4677656551194     
   17111.984104714451        5633.4401047144474     
   17147.339443773777        5621.3144437737756     
   17182.694782833107        5609.0907828331019     
   17218.050121892433        5596.7691218924319     
   17253.405460951763        5584.3494609517547     
   17288.760800011089        5571.8318000110849     
   17324.116139070415        5559.2161390704096     
   17359.471478129744        5546.5024781297398     
   17394.826817189070        5533.6908171890645     
   17430.182156248400        5520.7811562483948     
   17465.537495307726        5507.7734953077197     
   17500.892834367052        5494.6678343670483     
   17536.248173426378        5481.4641734263751     
   17571.603512485708        5468.1625124857037     
   17606.958851545034        5454.7628515450306     
   17642.314190604364        5441.2651906043557     
   17677.669529663690        5427.6695296636863     
   17713.024868723016        5413.9758687230096     
   17748.380207782346        5400.1842077823385     
   17783.735546841672        5386.2945468416638     
   17819.090885901001        5372.3068859009927     
   17854.446224960324        5358.2212249603235     
   17889.801564019654        5344.0375640196489     
   17925.156903078980        5329.7559030789780     
   17960.512242138309        5315.3762421383035     
   17995.867581197635        5300.8985811976327     
   18031.222920256962        5286.3229202569564     
   18066.578259316291        5271.6492593162857     
   18101.933598375617        5256.8775983756095     
   18137.288937434947        5242.0079374349407     
   18172.644276494273        5227.0402764942664     
   18207.999615553599        5211.9746155535940     
   18243.354954612929        5196.8109546129253     
   18278.710293672255        5181.5492936722494     
   18314.065632731585        5166.1896327315790     
   18349.420971790911        5150.7319717909031     
   18384.776310850237        5135.1763108502328     
   18420.131649909563        5119.5226499095606     
   18455.486988968893        5103.7709889688867     
   18490.842328028219        5087.9213280282147     
   18526.197667087548        5071.9736670875409     
   18561.553006146874        5055.9280061468689     
   18596.908345206200        5039.7843452061952     
   18632.263684265530        5023.5426842655233     
   18667.619023324856        5007.2030233248479     
   18702.974362384186        4990.7653623841779     
   18738.329701443508        4974.2297014435080     
   18773.685040502838        4957.5960405028327     
   18809.040379562164        4940.8643795621629     
   18844.395718621494        4924.0347186214876     
   18879.751057680820        4907.1070576808161     
   18915.106396740146        4890.0813967401409     
   18950.461735799476        4872.9577357994713     
   18985.817074858802        4855.7360748587944     
   19021.172413918131        4838.4164139181248     
   19056.527752977458        4820.9987529774498     
   19091.883092036784        4803.4830920367785     
   19127.238431096113        4785.8694310961091     
   19162.593770155439        4768.1577701554324     
   19197.949109214769        4750.3481092147631     
   19233.304448274095        4732.4404482740883     
   19268.659787333421        4714.4347873334173     
   19304.015126392747        4696.3311263927444     
   19339.370465452077        4678.1294654520716     
   19374.725804511403        4659.8298045113970     
   19410.081143570733        4641.4321435707243     
   19445.436482630059        4622.9364826300534     
   19480.791821689385        4604.3428216893790     
   19516.147160748715        4585.6511607487082     
   19551.502499808041        4566.8614998080338     
   19586.857838867370        4547.9738388673613     
   19622.213177926693        4528.9881779266925     
   19657.568516986023        4509.9045169860165     
   19692.923856045349        4490.7228560453459     
   19728.279195104678        4471.4431951046718     
   19763.634534164004        4452.0655341639995     
   19798.989873223331        4432.5898732233254     
   19834.345212282660        4413.0162122826550     
   19869.700551341986        4393.3445513419792     
   19905.055890401316        4373.5748904013089     
   19940.411229460642        4353.7072294606351     
   19975.766568519968        4333.7415685199630     
   20011.121907579298        4313.6779075792929     
   20046.477246638624        4293.5162466386173     
   20081.832585697954        4273.2565856979454     
   20117.187924757280        4252.8989247572717     
   20152.543263816606        4232.4432638166018     
   20187.898602875932        4211.8896028759264     
   20223.253941935262        4191.2379419352565     
   20258.609280994588        4170.4882809945811     
   20293.964620053917        4149.6406200539095     
   20329.319959113243        4128.6949591132379     
   20364.675298172569        4107.6512981725627     
   20400.030637231899        4086.5096372318931     
   20435.385976291225        4065.2699762912180     
   20470.741315350555        4043.9323153505466     
   20506.096654409877        4022.4966544098752     
   20541.451993469207        4000.9629934692020     
   20576.807332528533        3979.3313325285308     
   20612.162671587863        3957.6016715878577     
   20647.518010647189        3935.7740106471829     
   20682.873349706515        3913.8483497065099     
   20718.228688765845        3891.8246887658388     
   20753.584027825171        3869.7030278251623     
   20788.939366884500        3847.4833668844949     
   20824.294705943827        3825.1657059438185     
   20859.650045003153        3802.7500450031475     
   20895.005384062482        3780.2363840624785     
   20930.360723121808        3757.6247231218003     
   20965.716062181138        3734.9150621811314     
   21001.071401240464        3712.1074012404570     
   21036.426740299790        3689.2017402997844     
   21071.782079359116        3666.1980793591101     
   21107.137418418446        3643.0964184184413     
   21142.492757477772        3619.8967574777635     
   21177.848096537102        3596.5990965370947     
   21213.203435596428        3573.2034355964242     
   21248.558774655754        3549.7097746557483     
   21283.914113715084        3526.1181137150779     
   21319.269452774410        3502.4284527744021     
   21354.624791833739        3478.6407918337318     
   21389.980130893062        3454.7551308930560     
   21425.335469952392        3430.7714699523858     
   21460.690809011718        3406.6898090117102     
   21496.046148071047        3382.5101480710400     
   21531.401487130373        3358.2324871303645     
   21566.756826189699        3333.8568261896944     
   21602.112165249029        3309.3831652490226     
   21637.467504308355        3284.8115043083490     
   21672.822843367685        3260.1418433676772     
   21708.178182427011        3235.3741824270037     
   21743.533521486337        3210.5085214863320     
   21778.888860545667        3185.5448605456586     
   21814.244199604993        3160.4831996049870     
   21849.599538664323        3135.3235386643137     
   21884.954877723649        3110.0658777236422     
   21920.310216782975        3084.7102167829689     
   21955.665555842301        3059.2565558422939     
   21991.020894901631        3033.7048949016244     
   22026.376233960957        3008.0552339609494     
   22061.731573020286        2982.3075730202763     
   22097.086912079612        2956.4619120796087     
   22132.442251138938        2930.5182511389321     
   22167.797590198268        2904.4765901982610     
   22203.152929257594        2878.3369292575881     
   22238.508268316924        2852.0992683169134     
   22273.863607376246        2825.7636073762405     
   22309.218946435576        2799.3299464355696     
   22344.574285494902        2772.7982854948968     
   22379.929624554232        2746.1686245542260     
   22415.284963613558        2719.4409636135497     
   22450.640302672884        2692.6153026728789     
   22485.995641732214        2665.6916417322100     
   22521.350980791540        2638.6699807915320     
   22556.706319850869        2611.5503198508632     
   22592.061658910196        2584.3326589101853     
   22627.416997969522        2557.0169979695165     
   22662.772337028851        2529.6033370288387     
   22698.127676088177        2502.0916760881701     
   22733.483015147503        2474.4820151474996     
   22768.838354206833        2446.7743542068238     
   22804.193693266159        2418.9686932661534     
   22839.549032325489        2391.0650323254813     
   22874.904371384815        2363.0633713848074     
   22910.259710444141        2334.9637104441354     
   22945.615049503471        2306.7660495034615     
   22980.970388562797        2278.4703885627932     
   23016.325727622127        2250.0767276221159     
   23051.681066681453        2221.5850666814476     
   23087.036405740775        2192.9954057407740     
   23122.391744800108        2164.3077448000986     
   23157.747083859431        2135.5220838594250     
   23193.102422918764        2106.6384229187533     
   23228.457761978087        2077.6567619780799     
   23263.813101037413        2048.5771010374119     
   23299.168440096742        2019.3994400967349     
   23334.523779156068        1990.1237791560634     
   23369.879118215398        1960.7501182153901     
   23405.234457274724        1931.2784572747150     
   23440.589796334050        1901.7087963340455     
   23475.945135393380        1872.0411353933705     
   23511.300474452706        1842.2754744527010     
   23546.655813512036        1812.4118135120225     
   23582.011152571362        1782.4501525713567     
   23617.366491630688        1752.3904916306856     
   23652.721830690018        1722.2328306900090     
   23688.077169749344        1691.9771697493379     
   23723.432508808673        1661.6235088086651     
   23758.787847868000        1631.1718478679941     
   23794.143186927326        1600.6221869273213     
   23829.498525986655        1569.9745259866431     
   23864.853865045981        1539.2288650459777     
   23900.209204105311        1508.3852041052996     
   23935.564543164637        1477.4435431646307     
   23970.919882223960        1446.4038822239563     
   24006.275221283293        1415.2662212832838     
   24041.630560342615        1384.0305603426095     
   24076.985899401949        1352.6968994019335     
   24112.341238461271        1321.2652384612629     
   24147.696577520597        1289.7355775205942     
   24183.051916579927        1258.1079165799201     
   24218.407255639253        1226.3822556392479     
   24253.762594698583        1194.5585946985739     
   24289.117933757909        1162.6369337579017     
   24324.473272817235        1130.6172728172314     
   24359.828611876565        1098.4996118765557     
   24395.183950935891        1066.2839509358855     
   24430.539289995220        1033.9702899952099     
   24465.894629054546        1001.5586290545398     
   24501.249968113872        969.04896811386789     
   24536.605307173202        936.44130717319422     
   24571.960646232528        903.73564623252241     
   24607.315985291858        870.93198529184883     
   24642.671324351184        838.03032435117711     
   24678.026663410510        805.03066341049998     
   24713.382002469840        771.93300246982835     
   24748.737341529166        738.73734152915858     
   24784.092680588496        705.44368058848340     
   24819.448019647822        672.05201964781372     
   24854.803358707144        638.56235870714227     
   24890.158697766477        604.97469776646540     
   24925.514036825800        571.28903682579403     
   24960.869375885133        537.50537588511725     
   24996.224714944456        503.62371494444596     
   25031.580054003782        469.64405400378018     
   25066.935393063111        435.56639306310535     
   25102.290732122437        401.39073212243238     
   25137.646071181767        367.11707118175764     
   25173.001410241093        332.74541024108476     
   25208.356749300419        298.27574930041737     
   25243.712088359749        263.70808835973730     
   25279.067427419075        229.04242741907001     
   25314.422766478405        194.27876647839366     
   25349.778105537731        159.41710553772282     
   25385.133444597057        124.45744459705384     
   25420.488783656387        89.399783656379441     
   25455.844122715713        54.244122715706908     
   25491.199461775042        18.990461775028962     
